0 1986 993
1 1581 914
2 626 707
3 1924 1271
4 1031 165
5 912 1095
6 1062 326
7 1223 754
8 1024 35
9 964 554
10 597 1442
11 1372 725
12 1737 366
13 432 1367
14 146 865
15 406 211
16 954 915
17 487 1122
18 615 1478
19 1177 1043
20 567 835
21 1046 278
22 902 409
23 1717 852
24 391 877
25 708 513
26 1859 835
27 1634 680
28 363 1105
29 810 699
30 589 1290
31 1906 687
32 405 1360
33 1296 781
34 304 979
35 1567 234
36 168 1380
37 357 386
38 1937 886
39 1259 1233
40 27 34
41 725 1335
42 291 66
43 1206 1344
44 1904 931
45 1203 284
46 1408 1172
47 1746 932
48 1281 225
49 40 414
