0 1801 1151
1 1471 532
2 1573 466
3 1776 195
4 831 588
5 1722 1486
6 1950 1336
7 376 1158
8 1088 1131
9 1293 383
10 1442 381
11 631 103
12 1313 1125
13 825 742
14 300 339
15 864 1371
16 602 790
17 417 931
18 793 1107
19 301 216
20 1596 917
21 1514 880
22 619 1444
23 1281 286
24 1443 483
25 138 1003
26 1930 382
27 1112 657
28 1340 1283
29 554 294
30 1454 1447
31 718 11
32 1950 1213
33 851 736
34 1019 598
35 590 627
36 309 816
37 1046 648
38 1875 566
39 841 814
40 738 945
41 419 1468
42 575 1191
43 31 18
44 1460 649
45 850 101
46 378 655
47 541 586
48 1312 696
49 1601 1415
50 1830 649
51 41 939
52 575 257
53 219 642
54 1727 745
55 1694 368
56 4 941
57 1645 72
58 1845 1164
59 1002 921
60 1069 879
61 1140 1498
62 1794 493
63 297 1035
64 1215 667
65 1351 655
66 11 1021
67 601 141
68 1167 718
69 1168 538
70 1217 886
71 1910 748
72 901 1472
73 707 254
74 499 307
