0 348 410
1 1574 1233
2 552 497
3 1618 929
4 433 1183
5 906 336
6 1388 389
7 1536 236
8 1677 716
9 1060 9
10 1170 1253
11 1343 1090
12 926 1282
13 1825 1140
14 785 327
15 1983 888
16 132 1410
17 922 662
18 1364 1335
19 594 863
20 352 1249
21 1157 768
22 698 158
23 1350 1397
24 1008 709
25 1729 839
26 1938 1303
27 1033 1361
28 44 970
29 1208 1292
30 789 1197
31 1701 164
32 676 61
33 568 1308
34 1474 606
35 1407 504
36 957 918
37 682 221
38 1759 98
39 697 671
40 1765 1400
41 365 73
42 89 1292
43 1117 1001
44 436 1407
45 1142 1172
46 234 111
47 1907 921
48 694 538
49 637 62
50 1881 711
51 1846 565
52 904 1232
53 1516 1464
54 1301 883
55 1910 462
56 1237 867
57 808 1002
58 386 150
59 112 440
60 1229 214
61 132 660
62 393 926
63 1865 886
64 855 22
65 746 124
66 174 1320
67 25 487
68 1657 316
69 1323 459
70 299 937
71 1794 768
72 659 1499
73 1173 503
74 1950 359
75 1834 599
76 1420 1239
77 1881 968
78 1152 1199
79 1095 1337
80 1994 385
81 1709 725
82 1850 478
83 707 1232
84 1867 1142
85 1102 215
86 795 860
87 106 1089
88 1453 698
89 1368 1412
90 1222 508
91 353 1143
92 1194 1174
93 695 1268
94 993 1319
95 1553 10
96 768 679
97 62 558
98 943 510
99 1490 131
