0 1503 47
1 514 256
2 1889 956
3 1757 489
4 1259 509
5 535 92
6 1904 1240
7 1672 122
8 1244 464
9 1264 674
10 1861 886
11 550 405
12 531 872
13 1284 190
14 1042 1486
15 559 1459
16 1025 952
17 773 762
18 204 161
19 1147 790
20 687 313
21 783 1091
22 1763 256
23 31 44
24 1143 348
25 1585 411
26 1511 630
27 1341 403
28 636 312
29 227 1300
30 989 566
31 824 755
32 1335 190
33 1277 41
34 1865 26
35 1582 864
36 470 1302
37 539 425
38 210 1422
39 613 835
40 1379 1066
41 1651 880
42 1844 820
43 483 549
44 1635 1301
45 168 74
46 1759 1293
47 1861 1491
48 962 626
49 1017 436
50 1498 792
51 1551 108
52 1321 116
53 231 423
54 277 221
55 401 761
56 364 449
57 1351 210
58 1298 737
59 1678 1133
60 1970 27
61 683 686
62 1322 786
63 578 1229
64 1577 735
65 2000 14
66 47 496
67 1549 164
68 926 312
69 1852 293
70 333 637
71 1929 238
72 1523 396
73 669 1032
74 280 199
75 1825 507
76 1821 1037
77 796 1099
78 556 791
79 1257 321
80 1467 237
81 716 59
82 1525 846
83 153 814
84 1128 776
85 1123 1367
86 1557 648
87 813 1261
88 1825 346
89 1534 1484
90 1387 1426
91 1384 479
92 1372 1289
93 677 980
94 1583 719
95 1625 873
96 1294 850
97 385 1375
98 729 694
99 1965 619
100 1650 836
101 899 844
102 1742 1461
103 322 1098
104 380 866
105 1142 1496
106 142 560
107 975 806
108 668 1141
109 191 1478
110 1311 1046
111 1354 1394
112 1946 1408
113 189 697
114 973 435
115 1496 1121
116 1611 953
117 1014 620
118 777 958
119 1433 586
120 455 684
121 1881 397
122 280 1421
123 449 1205
124 1654 811
