0 1605 674
1 380 1297
2 1062 1142
3 421 64
4 1353 1235
5 1261 424
6 1019 779
7 249 1469
8 905 1083
9 1052 578
10 857 1020
11 1491 364
12 556 1195
13 580 1120
14 1991 539
15 1061 1206
16 1165 955
17 1211 1263
18 1766 563
19 894 616
20 1985 92
21 1064 1392
22 652 1017
23 1370 969
24 1070 1111
25 1553 57
26 199 1121
27 896 105
28 1704 1141
29 952 1415
30 342 594
31 537 349
32 744 196
33 696 299
34 317 1369
35 1392 1143
36 1752 101
37 655 139
38 1215 1324
39 405 845
40 482 677
41 64 110
42 1776 287
43 520 358
44 1399 163
45 519 1410
46 15 205
47 1853 1472
48 1329 162
49 1946 957
50 1290 797
51 1800 580
52 665 681
53 1830 79
54 1687 24
55 869 861
56 1564 1
57 1030 320
58 1758 1499
59 602 733
60 360 640
61 1008 1362
62 197 104
63 1291 1343
64 1835 447
65 1406 1255
66 249 11
67 1409 820
68 497 1140
69 996 857
70 1902 261
71 628 759
72 1597 121
73 1247 786
74 1721 892
